$ANSIBLE_VAULT;1.1;AES256
66613733303036656534363665633462326333303439663066373231663866653065633130613163
3134653562376531653738373062646436386162306633650a343163383666653661383533306236
62313034356432386331353136313762633233363930306236326434303836323735333161333965
3931306632306538330a333730613233353333376133636531306664303661336433653138336230
36393562316437333739306639643763303963353036306666626139373665373135633831623839
65353833373266313961393865646337396264316630366364326233643563356661386532383235
36653766313362643162303466313361613032336336373334363761653532643436376630636266
37356365326230616630636139653130316264653362643936376364363766343333616533306261
38643939376337383763383539346231653735343936313563353365626135626236666439396266
31383962366133303437323634383930303662646365396539376631323730336533613433346163
66356364653832653139376237303632323934386532646435353038343238316663313763363135
39323135396337316430613661333663373465326263633835636265626433373731376535643966
64626430386233636632313134623465353337616631643061666535343562336639623438393736
31383230626162313437386362656536353638343134383135636633653338393530656563393536
66396130306234356137613630383431376332613930653131643032616365616139666539353339
63363362626432623137326430303634373237353536333937663963323066386133366164663762
31336130366461666634623034333066366634616338303164633637333464393638656161373632
66346136313765363437643862383938646361363461306137626162363362386333626136623139
32366564333335633939623634383034396463343961343630323635383962383066396263383637
35356339653465386630316666646466643834663731393064623062356333623731383737346236
31356561616530303839343063303536646465386666623062323436366637343566303238366438
39366134393136303061663833306532643130626163356238666262616335646638396538306664
62633839633263333438303334643836396335376134303238643435323934356466373665623064
35636334663839356139393962356136663232333333383535643737313739326464326138383363
35363366653066396561363030653336643833303032333164396437353163323032326539393964
64323835653230316434643034633830616165636265653233303630343163353138626362663062
39623265653438316638616633306165633433623661323866366462633830616133353362616137
62613464316631626332626234326364383465613131653736313366656166343039353239373339
61303039363934366163386534326564326537353233366633323761333933633731336334313038
35383838376263306330643466613662373164663837656137653663343536643561306562326265
65333264326533623639316266396662343035383035333463333834363836656431333134323837
33616461313138646366636264333735313833306437343435663737356438343832333762643464
35656635333531633833353633663233346465313465656130323166643766346466646562663730
66663762303438343733663766613335633966623266636334646631386339633430616431656263
65326238323835373733353331623932303437636161336634666234353634653038373234653139
38376336313135313736376333326364653133386434323562313965613539646138346562363635
36313639323636306334383064653932343632363230636233613031366531656239303535366633
31356136643366646638353634663762633731353637343238356536326636613630383066373164
39636338626430363639346333613930623361383263646264343134303832646435393762636535
66626239666231646637356638353665343136356434336266306462343632623265373338343862
35356535333465646534633037346131393463393863343131326361653463383431373236306666
39666139363337373234336632653132663564663035393933633163376162393166613364313964
39643934333364363734353061613362383239373662666362393237313731643235313632373432
63383138636633383662663639613639666231303235353339623430636164633964373334616331
34653265343439643535353738643132373539656239646263373531386334393432643437643239
34353364643264373531646335663035656665336432626661303662343635303630356637373336
36613061303632333932346464363233336133393736663336656435353031666535353232393838
64303765343563663465626164643236656235643434303566623265633335626235333766326436
34306361393238393030353232313736646463666533323231323335376161346666363833666461
66353736353561616334316566366662343631343735636538323734336334613337323263383830
66386633633839326365373134323231393265616534383165663631383263616337386136663133
64393065653337656137306636663138393033616133303134633833313962363761353731326339
33353963653738346462346265363863653861623462316562623331616130633939303164366532
63393934393530643436363437366166333735383262333837323264316636313537336532363962
626438653839393038313930636333366231
