$ANSIBLE_VAULT;1.1;AES256
31636234656662356330383232373034306461643030643062396662623734316364326263393436
6132386564366337373664316236303434343138646333620a636234346631323334316362366336
63353336663864656236373364396230663136656530653163346638616230393535653464313238
6639386433303435370a323830366235633263323165323862366265343736393538346534663931
34316130393031623732613630323265303530646363363531623666363930343465613566616638
35616261393238343136626533316339383837373534373834353036333063653661623261326461
34316539313766623138386439376434373334356137303637663435633331633432643237373863
62323435356163633936613031353731303663353530333033393230643139616233656261376630
63663134333731383566643133636537633738653131623665383136393432343363643163343132
39343337316562366335383365643963613932616666383130343461326362336332346264316664
33326134633135306162346531313635333061376330366539663530343533356565383563623364
35666434366666646364646234623830323364343439623937363333613464643738656630336666
64316538353565656162623534643931323237346330383038343336323136326333366534653933
36306535343634306338336439623439306539393538666466383763366464646665653638646132
37333161373962393363343335376236626337326430303137313433626331336565656634653766
61396639306565303538376461353862383434653539303739333336396234383036363530613631
32623132653963353231623963366364366131376235653433653836646136333433616336383135
3935613633353435636133363133643532303836356161633461
